amyloid beta 40
1.2 42.18861
3.7 25.69273
11 29.94412
33 18.90861
50 17.12454
100 11.49606
amyloid beta 40
0.01 12.914842332448384
0.5 7.80115902398663
insulin
10 13.12983
20 10.05408
50 4.73856
75 2.79601
100 3.26629
alpha-synuclein
21 71
70 52
105 37
190 16
glucagon
0.07885698277362686 27.140770209207215
0.16038834323050954 12.352425242410687
0.3101510016911516 7.315527254738861
0.4937606601091607 7.784049571140164
0.6244037279870213 7.784049571140164
1.2621129501461767 6.825437596331329
5.02475666835675 5.266058793357991
2.516166466611133 5.207599061432788
PrP
0.4 46.894409937888206
0.8 15.838509316770185
1.2 7.763975155279496
Sup35
0.9905497407751119 136.7119931021745
1.4900329635645067 123.88085108976797
1.9811037337930752 107.16659295874662
2.994254147511826 83.2790087872571
4.0000171712625425 75.2444059529987
4.976307588327792 70.80067856843452
11.92034046584007 54.227435693730705
